-3.8453
-3.8066
-3.8054
-3.7966
-3.8271
-3.8511
-3.8560
-3.8454
-3.8179
-3.8038
-3.7703
-3.7603
-3.7514
-3.7214
-3.7163
-3.7529
-3.7529
-3.7245
-3.6941
-3.7151
-3.7440
-3.7511
-3.7650
-3.7443
-3.7562
-3.7909
-3.7909
-3.7934
-3.7759
-3.7980
-3.7980
-3.7929
-3.7929
-3.7934
-3.7896
-3.7874
-3.7874
-3.7846
-3.7846
-3.7895
-3.7911
-3.7647
-3.7643
-3.7911
-3.7750
-3.7733
-3.7601
-3.7632
-3.7632
-3.7407
-3.7407
-3.7157
-3.7110
-3.7288
-3.7401
-3.7401
-3.7310
-3.7197
-3.6962
-3.6918
-3.6774
-3.6840
-3.7208
-3.7599
-3.7785
-3.7825
-3.7798
-3.7798
-3.8163
-3.8585
-3.8585
-3.8988
-3.9043
-3.8762
-3.8885
-3.8989
-3.9091
-3.9091
-3.9268
-3.9185
-3.9185
-3.9220
-3.9363
-3.9165
-3.9090
-3.9245
-3.9245
-3.9284
-3.9389
-3.9674
-3.9631
-3.9270
-3.8914
-3.8722
-3.8729
-3.9066
-3.9066
-3.8768
-3.8099
-3.7918
-3.7874
-3.7874
-3.8068
-3.8405
-3.8288
-3.8432
-3.7978
-3.7930
-3.8375
-3.8582
-3.8837
-3.8775
-3.8919
-3.8628
-3.8628
-3.8592
-3.8833
-3.8592
-3.8592
-3.8393
-3.8360
-3.8280
-3.8080
-3.8284
-3.8070
-3.8245
-3.8245
-3.8083
-3.8016
-3.8016
-3.8264
-3.8502
-3.8475
-3.8710
-3.8696
-3.8685
-3.8705
-3.8227
-3.8260
-3.8052
-3.7780
-3.7780
-3.7424
-3.7424
-3.7452
-3.7452
-3.7639
-3.7639
-3.7557
-3.7557
-3.7557
-3.7998
-3.8429
-3.8875
-3.9451
-3.9225
-3.8648
-3.8599
-3.8697
-3.8728
-3.9220
-3.9220
-3.9220
-3.8942
-3.8657
-3.8658
-3.8517
-3.8707
-3.8707
-3.8440
-3.8307
-3.8307
-3.8028
-3.8278
-3.8293
-3.8040
-3.8081
-3.8081
-3.7769
-3.7488
-3.7400
-3.7564
-3.7849
-3.7849
-3.8138
-3.7969
-3.7797
-3.8062
-3.8079
-3.7717
-3.8079
-3.8099
-3.8397
-3.8296
-3.8296
-3.8296
-3.8167
-3.7981
-3.8217
-3.8083
-3.7851
-3.8349
-3.8176
-3.8341
-3.8339
-3.8339
-3.8011
-3.7772
-3.7895
-3.7895
-3.7738
-3.7957
-3.7934
-3.7868
-3.7856
-3.7720
-3.7509
-3.7509
-3.7710
-3.7550
-3.7313
-3.7426
-3.7495
-3.7495
-3.7732
-3.7495
-3.7495
-3.7360
-3.7467
-3.7747
-3.7860
-3.7860
-3.7642
-3.7905
-3.7998
-3.7911
-3.7911
-3.8257
-3.8185
-3.8185
-3.8056
-3.7885
-3.7824
-3.7963
-3.8146
-3.7963
-3.7992
-3.7853
-3.7609
-3.7396
-3.7469
-3.7483
-3.7788
-3.7609
-3.7435
-3.7131
-3.7131
-3.7435
-3.7494
-3.7913
-3.7890
-3.7970
-3.7908
-3.7928
-3.8046
-3.8351
-3.8351
-3.8625
-3.8286
-3.8417
-3.7997
-3.7748
-3.7753
-3.7744
-3.7576
-3.7699
-3.7390
-3.7097
-3.7390
-3.7381
-3.7636
-3.7344
-3.7344
-3.7204
-3.7420
-3.7603
-3.7709
-3.7712
-3.7655
-3.7655
-3.7563
-3.7475
-3.7269
-3.7145
-3.7020
-3.7460
-3.7113
-3.7190
-3.7201
-3.6856
-3.6862
-3.6862
-3.6724
-3.6635
-3.6649
-3.6791
-3.6982
-3.6787
-3.6729
-3.6608
-3.6426